Id,SalePrice
1461,135930.24603463564
1462,156201.09167580766
1463,191366.78428471787
1464,199817.62653020694
1465,190505.88881169292
1466,174653.33551384896
1467,175058.04833093545
1468,166803.01534252922
1469,187774.4344385601
1470,125923.83442971161
1471,186407.21101257502
1472,94846.27395428673
1473,97512.84859572898
1474,146734.92573077083
1475,111695.69702161988
1476,371144.27781750355
1477,251185.4877134179
1478,278610.54707311396
1479,275441.4271046039
1480,491382.23481275456
1481,337293.8268628817
1482,200982.78637222684
1483,175117.6128578383
1484,162745.63543220249
1485,182863.47632408643
1486,196107.3153473975
1487,285649.6690804034
1488,235344.27019497057
1489,198452.01141576306
1490,236349.42298939556
1491,192060.20458786353
1492,81671.06635032281
1493,199069.18523461436
1494,261492.4476320726
1495,287826.6170638916
1496,245578.79654649572
1497,183587.68150755027
1498,174571.35233530062
1499,170061.30136899115
1500,161029.41034118913
1501,184848.27561445106
1502,152860.365691176
1503,228947.98806865775
1504,244183.16250887714
1505,234230.10405181997
1506,188195.541256658
1507,261987.85230258718
1508,206995.06727523435
1509,166465.99455746906
1510,151235.7036058977
1511,142107.97019694466
1512,187235.5043350179
1513,144973.61256380848
1514,154256.03183732054
1515,206611.27619230415
1516,157079.19308740326
1517,158198.30039339006
1518,127618.61041348483
1519,174599.66811574067
1520,139672.26959169382
1521,137517.48635925326
1522,190094.72151309397
1523,117044.5596714131
1524,120209.45168835533
1525,119533.48279535549
1526,113240.62062640351
1527,110043.72814342116
1528,127192.94025240594
1529,157050.71058130817
1530,158406.67968504858
1531,105107.13113639777
1532,97369.37878403922
1533,195691.44953335435
1534,119996.55123450834
1535,146645.85379101007
1536,135952.95448522386
1537,64740.03899129017
1538,165751.17177123728
1539,177257.6054824288
1540,91525.71898817217
1541,134272.64530872882
1542,142758.4006975964
1543,200571.05692698425
1544,81749.36457989445
1545,113294.2591886824
1546,132361.37870208212
1547,148644.32814154218
1548,142867.3499954609
1549,109269.3339225987
1550,134264.46269121763
1551,112307.19246473636
1552,187115.67539262306
1553,167239.97391741775
1554,126783.23509465225
1555,165323.1090918225
1556,86053.96389927715
1557,95787.05520218676
1558,102171.93189771038
1559,85052.01070654608
1560,132594.18131536976
1561,138558.37256175373
1562,128672.98036200064
1563,125373.91792580306
1564,154887.72822672452
1565,142186.57417089524
1566,232728.70827022495
1567,78249.2801867631
1568,225394.75780872826
1569,150502.139865068
1570,133125.8837761729
1571,143484.6253771624
1572,142328.78223621118
1573,248825.56684631796
1574,123520.48680244012
1575,208272.57562846952
1576,254148.32333648976
1577,185685.6279150185
1578,143873.96891577938
1579,145209.0568267478
1580,190513.85298180568
1581,153904.2574987563
1582,127078.84928899298
1583,313685.53498033126
1584,219996.66696609827
1585,139485.52183984182
1586,72261.20972447787
1587,108210.36572081492
1588,133979.04070047176
1589,117858.18929200474
1590,131722.65378048705
1591,95086.34968144413
1592,116691.33242832206
1593,130251.90448811164
1594,134048.22077795825
1595,110290.06826016084
1596,178382.24146559605
1597,193813.8731940374
1598,208156.15816409313
1599,160659.71612602856
1600,150685.68486556676
1601,69667.925009152
1602,131435.52108981909
1603,102651.81360719696
1604,275732.43108590035
1605,239738.57033344478
1606,96011.47146537177
1607,167775.96369731086
1608,213098.03934434353
1609,180978.66974531146
1610,158755.1946791203
1611,137636.1427310909
1612,169486.15986845535
1613,166533.89074308192
1614,133753.67304027994
1615,91994.41383528148
1616,77576.68074680127
1617,105058.64800883355
1618,126776.64985992889
1619,144223.23913162373
1620,148193.90578868263
1621,144301.92474024007
1622,148944.65583115723
1623,114308.96120733398
1624,220229.75947467698
1625,116428.69959590286
1626,164212.6329434201
1627,192974.0756041325
1628,288156.02982161206
1629,169293.85991503784
1630,385159.02721835754
1631,209866.005438159
1632,235266.26637286722
1633,172392.95906967434
1634,190523.93410383762
1635,176924.11122872826
1636,152234.95977119147
1637,219807.38821237735
1638,183142.8088895983
1639,189034.03701649958
1640,258644.12597296824
1641,184328.36963616312
1642,237348.74603112388
1643,214579.21904032075
1644,184666.35291154328
1645,166560.92720245637
1646,161701.2812346597
1647,156795.05655646158
1648,131244.30770446797
1649,140297.07607663746
1650,120290.5229818629
1651,123389.25908339009
1652,96912.90404885396
1653,106702.88141934814
1654,149201.33005022543
1655,135130.22446277415
1656,144044.72768521972
1657,151598.70821422827
1658,149721.42959800057
1659,123987.3307756169
1660,122441.23987817712
1661,451657.72239754745
1662,419256.5803588028
1663,385423.18846375623
1664,507049.85792466794
1665,301323.79661729257
1666,325918.41645803204
1667,403225.51692554145
1668,334009.6036460529
1669,304643.4523310298
1670,333756.9522489116
1671,263879.5804668261
1672,438910.6596743812
1673,294384.26582212356
1674,245086.85878855974
1675,194903.72585273394
1676,198027.39326986662
1677,221174.92105101258
1678,485321.13413621177
1679,395554.17079011904
1680,337297.516005964
1681,229853.25235688908
1682,316471.8242926524
1683,183377.842196286
1684,172048.2097518493
1685,171638.40541223064
1686,166906.53958308994
1687,165676.3722597154
1688,190829.70989951747
1689,193400.08772597113
1690,192939.9445607663
1691,180461.85542807725
1692,261283.75523660638
1693,167082.44730756918
1694,185573.69655699472
1695,165611.11289886912
1696,274764.76758065174
1697,169765.59765575678
1698,355793.18734069227
1699,240695.29946054754
1700,272548.6430457938
1701,271769.10122525867
1702,246713.6957041446
1703,246001.17447393152
1704,280898.0691349065
1705,228899.63167891442
1706,464112.6911770494
1707,211916.95448031178
1708,206068.06792743856
1709,259963.84191519153
1710,220721.69127609232
1711,269332.5550034028
1712,261092.86695761356
1713,281875.60864298703
1714,204744.55189566893
1715,209269.0712995456
1716,181960.4468657763
1717,171116.0548411212
1718,135676.798612138
1719,207788.02981753103
1720,143728.60118388562
1721,155754.1492474084
1722,123071.674489512
1723,156737.561836056
1724,207851.0492283254
1725,241275.3729902552
1726,175116.12553933798
1727,150233.07458845316
1728,155109.77837990448
1729,171360.77268298212
1730,152556.3856369465
1731,123790.8924615521
1732,137141.32301134084
1733,115901.80028296167
1734,123858.99512668698
1735,123584.51063172142
1736,127078.88351888956
1737,220969.80052947227
1738,224470.8328931478
1739,265604.761450626
1740,221557.4212010211
1741,197288.2480000287
1742,181789.53102145818
1743,179032.81624115867
1744,197191.27389523396
1745,185886.80788938946
1746,171899.9969769869
1747,211407.0056656609
1748,229019.6454301434
1749,156790.74858305574
1750,127990.71968207743
1751,238326.90576603988
1752,121561.85868094851
1753,146350.58519684145
1754,210352.28872220457
1755,173592.90725488056
1756,186145.8438502564
1757,124660.19535729366
1758,141237.39783514198
1759,179145.18986504967
1760,220483.38718988321
1761,143165.67689288204
1762,178071.84982762294
1763,175962.6770348646
1764,117138.35597827761
1765,158972.05121539213
1766,169611.13924246747
1767,256737.9794177825
1768,145787.77608658333
1769,160285.06327578973
1770,150589.58571788794
1771,134073.89513448783
1772,142281.74400331563
1773,149499.91803770044
1774,141002.98703387982
1775,139892.35915060577
1776,136679.91398907767
1777,111534.09211079503
1778,142013.330889927
1779,111757.1566426449
1780,176216.71718757742
1781,124493.68993746536
1782,91893.77440119567
1783,142256.5415182523
1784,134367.6985926958
1785,133437.14708424616
1786,150427.8021086487
1787,156303.4536975343
1788,63584.69736262209
1789,99159.46143590528
1790,84944.26512715477
1791,184506.38854960384
1792,168099.7768316969
1793,102169.57095988013
1794,136873.74228460414
1795,133413.30984620354
1796,125413.6387994284
1797,145315.22556808876
1798,122090.85703334867
1799,121547.07519304198
1800,127894.38163169954
1801,129894.26770900897
1802,145226.47618885507
1803,148448.16206308198
1804,144344.14811911585
1805,133414.05629548614
1806,130048.27116819368
1807,130379.55870735893
1808,117522.95170094089
1809,116677.36796948117
1810,149470.50325180305
1811,108561.87364894894
1812,89383.46218541003
1813,126681.76100833951
1814,94725.03583251755
1815,52534.345831496015
1816,100132.88454515312
1817,114080.64474787998
1818,139462.56175042223
1819,120759.61828035419
1820,71943.14114133046
1821,130810.81340860072
1822,160086.93776287942
1823,60609.32566192707
1824,131226.9624862214
1825,138090.49701476458
1826,99479.96847693762
1827,107426.13775999316
1828,167676.4959123957
1829,103569.39647928477
1830,136384.52960907016
1831,151352.30201324637
1832,80582.96985680517
1833,142257.11119639318
1834,118992.4247592067
1835,107418.65050031239
1836,115701.75235448842
1837,125244.70553719625
1838,139858.9791701611
1839,94112.78842670789
1840,152590.61681162316
1841,143986.69340338765
1842,88784.68310552656
1843,135986.7780188876
1844,132898.37558037546
1845,117537.01281494736
1846,156942.86948000942
1847,168933.91715012255
1848,55685.11727046712
1849,120817.11750488736
1850,116760.38095997165
1851,151819.97262757368
1852,123986.45967836693
1853,132235.28173040776
1854,154838.16735595057
1855,151508.23587574196
1856,215811.44051671543
1857,139618.3849699642
1858,138667.0981437138
1859,118270.44040319789
1860,150779.35047001526
1861,117967.09939963475
1862,317667.1935147761
1863,293732.0974921696
1864,293834.29136605095
1865,336659.9545060187
1866,331841.90258069127
1867,223457.79416201703
1868,293096.97702469426
1869,205743.70794221977
1870,224300.10117964874
1871,248049.12839606553
1872,172306.10366522227
1873,245558.71053579848
1874,147863.74362580554
1875,196149.8447656214
1876,202780.6012186736
1877,214618.7635869502
1878,220575.83013971083
1879,132632.21917788338
1880,137225.10767627097
1881,249327.7586740728
1882,248990.84319062138
1883,192036.1212873121
1884,209420.52229390419
1885,238901.18591062442
1886,292833.3151409198
1887,212471.64642298492
1888,274367.79470793495
1889,168671.65640124388
1890,124376.5897321212
1891,135689.17178079337
1892,105107.74102773616
1893,150859.98031096245
1894,124606.86615926356
1895,134074.6068796751
1896,126182.89160152408
1897,137530.738791607
1898,107433.49928138554
1899,164181.5611820965
1900,157283.33043799078
1901,163529.85075641915
1902,153057.8356006018
1903,249816.92013570401
1904,147991.98846638677
1905,169461.9817446338
1906,184097.30095610017
1907,171954.46392182657
1908,109061.33146200978
1909,134433.52482695677
1910,118977.26467475951
1911,171374.5071335689
1912,229000.31713166548
1913,121923.53323824798
1914,70465.43615673676
1915,365316.73679130175
1916,71043.49196375754
1917,194364.25011732345
1918,138480.10010161746
1919,147971.02215162307
1920,155329.6734274781
1921,394805.82558659476
1922,310995.00254147965
1923,247830.43391695822
1924,173831.62500482786
1925,200566.5822659215
1926,392402.8521340458
1927,130739.23796629472
1928,154581.7320034915
1929,139119.0779735032
1930,148927.7860634933
1931,139139.035857629
1932,144720.24853451853
1933,166571.81899381152
1934,181615.8010749965
1935,176144.15036104125
1936,196161.16868687284
1937,182959.5163880607
1938,175138.64606093554
1939,235729.01908326655
1940,194128.9438254595
1941,172630.21658431244
1942,185755.82353357397
1943,204043.78181667425
1944,369267.1357934313
1945,410080.2483479581
1946,151295.04275329656
1947,318209.09517856914
1948,185861.87397021995
1949,254387.55333264516
1950,184709.42139211297
1951,265581.5253128101
1952,198701.17180847592
1953,163376.037093153
1954,186848.55494366132
1955,137024.51352600887
1956,313099.01139281853
1957,156975.2611085085
1958,332336.33846544847
1959,143840.7842682955
1960,113711.31861375674
1961,129641.43905953174
1962,97037.5978046576
1963,104892.03246402244
1964,110774.28495102761
1965,138586.15848957514
1966,138129.2576109619
1967,288236.171225659
1968,322151.23239444144
1969,392203.6135643302
1970,439089.2435814114
1971,478415.56013766944
1972,373301.40161992353
1973,269230.28722818743
1974,337648.1402934332
1975,219766.0473687949
1976,269851.8789446124
1977,362707.9498771327
1978,365272.66261398984
1979,318758.7945661395
1980,203011.16541148938
1981,335783.39865765895
1982,217322.5464697666
1983,196939.47007880488
1984,169967.85247739044
1985,236403.41513293912
1986,210502.88997667903
1987,175898.51092695261
1988,175757.30929111075
1989,192084.9285532638
1990,209159.44634749854
1991,233204.48532499297
1992,215929.50723194872
1993,167072.0163814137
1994,239935.77118952287
1995,182655.82385904604
1996,238753.52568260167
1997,293419.08686825656
1998,322029.53035101306
1999,266835.2150683681
2000,315025.2518552427
2001,190029.60548864622
2002,251730.75410348913
2003,258213.47443235578
2004,278145.943239874
2005,211859.50826827748
2006,223300.90543809926
2007,246242.94910565825
2008,216409.7476738457
2009,177860.85481658785
2010,189723.48098707115
2011,134728.29106414085
2012,169436.38258720058
2013,182367.55244989198
2014,190360.6427830049
2015,201588.17998135608
2016,196884.61696891382
2017,198647.7719375241
2018,144604.15265498086
2019,134913.13772613503
2020,103498.24868832639
2021,133753.43549974766
2022,186409.82984597058
2023,156924.45989142332
2024,272106.3761850633
2025,334590.0921178094
2026,176517.34560912912
2027,166143.2638491383
2028,150868.52999224208
2029,176314.06607260945
2030,265737.21831626416
2031,222853.62770200425
2032,241127.20788263468
2033,251486.88677618533
2034,169781.13537129684
2035,225804.69025962378
2036,196742.86441900002
2037,204617.82781105532
2038,191688.1653080841
2039,163999.77773366874
2040,280381.4750211489
2041,209737.11106986454
2042,211102.8451554364
2043,185565.0778440912
2044,176347.7952520041
2045,172206.92641095104
2046,147843.88739150856
2047,148343.4294033853
2048,138344.44592788303
2049,136973.57312455622
2050,170475.8028928208
2051,121358.40196032847
2052,130649.24644326419
2053,144351.88425973727
2054,90667.48697158475
2055,160668.6142048979
2056,148963.9103917159
2057,110343.36709431521
2058,222759.68321292248
2059,139829.47803632432
2060,177561.9544032288
2061,171656.1133469574
2062,131720.65632462746
2063,117228.36867109936
2064,140657.02946692475
2065,127697.22150409428
2066,160821.65181353787
2067,120433.49138973503
2068,140068.9325858938
2069,82400.07457106511
2070,103883.06279209095
2071,98261.13571156596
2072,124065.88118599259
2073,136385.60840052544
2074,163635.7512868819
2075,148253.46920866045
2076,119531.11586143798
2077,151679.26619401536
2078,130824.51908828001
2079,132087.44777546969
2080,120460.53264770831
2081,126561.32456460022
2082,120157.6908528891
2083,151195.31445687692
2084,112852.16897400797
2085,116891.81607835814
2086,115407.51046518866
2087,116711.13392471315
2088,94616.51279249528
2089,77945.40111322197
2090,134616.9704710902
2091,144550.13576053886
2092,122826.67243095973
2093,113958.90145111491
2094,104362.87078261728
2095,150455.7437045218
2096,76053.31889517453
2097,100930.84173939374
2098,144841.09673298764
2099,62052.89302144907
2100,77439.08599272298
2101,115635.11689717959
2102,118765.52124552822
2103,102030.44281560056
2104,147588.3379194695
2105,128693.80738699144
2106,66822.43495736546
2107,201689.06230056114
2108,114673.85791067008
2109,110954.390317072
2110,131114.08134162423
2111,135934.57813975893
2112,143398.55704542296
2113,119253.23809056357
2114,132526.6362836906
2115,159166.8183016225
2116,118020.92703950178
2117,140655.3088345798
2118,123166.15393048864
2119,111067.63327340304
2120,119295.42263869087
2121,113403.25193390797
2122,109411.78592806733
2123,86577.77807242463
2124,146463.85423656562
2125,132713.1591947048
2126,144420.47240704033
2127,151813.97003440477
2128,125694.65622222771
2129,87557.5575936328
2130,140828.1859523701
2131,149342.7978855797
2132,107395.37561187816
2133,121320.62477649347
2134,123090.45843749143
2135,98715.39226221775
2136,85803.30277762779
2137,112537.58385781506
2138,136237.71049730686
2139,146430.9865426972
2140,133942.66985781095
2141,147730.59523692614
2142,129668.56879315882
2143,192201.22964767652
2144,122719.6593197139
2145,138166.77821860765
2146,168662.00727851436
2147,142720.7293727127
2148,141890.562642598
2149,148543.34810222537
2150,229497.93069810304
2151,110968.11478238308
2152,171023.04916783984
2153,155498.28054318935
2154,107756.32052282123
2155,142078.15414829238
2156,261228.6500551767
2157,236111.88765847194
2158,240366.98707123246
2159,199403.28575965264
2160,174125.46691510547
2161,232900.460466855
2162,233803.01051847835
2163,341704.454005666
2164,236557.7660353912
2165,152266.2909085058
2166,157094.39254548834
2167,213355.84898234
2168,204543.10325557835
2169,198722.46467895285
2170,175605.33135712254
2171,150308.8883875393
2172,132020.0996731322
2173,156267.7378363053
2174,228656.67042146457
2175,292535.8858692179
2176,320010.35251545516
2177,242545.1735719194
2178,202623.04960576867
2179,140991.08579321805
2180,207680.4568202531
2181,189361.64549493053
2182,220821.62778476253
2183,188311.22582145612
2184,127728.66327707769
2185,120425.71875196569
2186,156358.09853070544
2187,145405.28691304123
2188,153278.74542754175
2189,293499.43097507954
2190,84576.15392368751
2191,81602.79262078652
2192,89873.92140128584
2193,106313.85656461457
2194,106060.74238200615
2195,141507.04278471862
2196,102129.72584935022
2197,127178.33249574447
2198,146099.73804387372
2199,149703.75694380348
2200,155089.21597674093
2201,144316.56954918514
2202,218534.3164917232
2203,136350.8478422079
2204,174634.24867698242
2205,124275.37208127645
2206,153712.52958889576
2207,197998.558792588
2208,266776.4137488755
2209,214917.15319459836
2210,119668.11163932325
2211,115326.5751177691
2212,117363.76872195944
2213,110386.91775600446
2214,143990.87265531652
2215,99462.10227715467
2216,142850.0089792195
2217,66064.60827977324
2218,84617.35095183505
2219,80672.49330525455
2220,89915.6493192729
2221,372263.73626944463
2222,278510.7078462619
2223,302869.9764079469
2224,206352.12189348615
2225,123321.67403334062
2226,194262.35416426178
2227,195400.63484254264
2228,262892.7044780643
2229,246260.58956599262
2230,158679.9889346419
2231,208446.62477486007
2232,179914.93079555375
2233,175224.64295298263
2234,229796.29276426864
2235,222159.56469816563
2236,257162.36238178902
2237,331265.8368758875
2238,199738.9428575944
2239,108662.80008730116
2240,157302.80403514253
2241,161020.35552541487
2242,125988.8601321851
2243,127474.16150525994
2244,104572.19602557576
2245,153960.09145352014
2246,148588.9707523931
2247,114008.41434452325
2248,128219.54460544995
2249,122161.09658718295
2250,131600.2155616202
2251,117534.5822054015
2252,183553.41654925473
2253,153326.53256646826
2254,178061.79505642297
2255,190102.9449620313
2256,174382.71291385067
2257,210764.25982498648
2258,158805.3723024202
2259,180161.39246682308
2260,149180.36472062947
2261,196613.76769256813
2262,185204.26349055124
2263,388997.61600019055
2264,362085.9714780676
2265,177816.51679477654
2266,307819.0150704102
2267,387145.42163203005
2268,413153.1986024308
2269,150118.99568017747
2270,197082.7915989806
2271,216390.8144866917
2272,185980.81390452696
2273,158656.65564593644
2274,189602.90752938035
2275,251580.1126220703
2276,162239.95759443
2277,195525.82860300722
2278,153010.19729010618
2279,125560.34455062609
2280,120619.34983146562
2281,163320.49071225588
2282,182438.086741492
2283,104776.0853958672
2284,109083.06675224692
2285,138415.6423355318
2286,126126.08219602951
2287,355589.9773152667
2288,269314.54970640986
2289,386340.0409497725
2290,459779.89302859514
2291,324791.31018441473
2292,424652.3665391288
2293,484503.4822156052
2294,409901.9090275449
2295,472085.770115974
2296,297600.77488002996
2297,343223.6103147826
2298,326748.65757631935
2299,361949.23098901444
2300,344880.4461450005
2301,293474.5134821997
2302,250426.0946193996
2303,237304.88397951506
2304,244323.37558139156
2305,189917.6508842408
2306,187508.4063058837
2307,197347.25290639015
2308,221183.99911368915
2309,283387.27872107684
2310,204974.52017255282
2311,203342.74748224425
2312,172468.50414017544
2313,173068.66305108974
2314,169681.2824078799
2315,175429.31257644866
2316,194353.38838813535
2317,199420.0059078355
2318,178192.92571831885
2319,177881.00441944308
2320,180741.2024977338
2321,241547.71921759006
2322,175691.00373207266
2323,189555.00823668425
2324,172836.48686003796
2325,208834.2146523302
2326,171177.34293231147
2327,204199.90515178774
2328,227428.8202491382
2329,194218.79118901206
2330,181379.8120024404
2331,337757.3968120233
2332,390402.55030209856
2333,318857.0995937307
2334,254256.28578030132
2335,272286.71409214695
2336,313436.8509203314
2337,200822.0853880297
2338,269239.53898416116
2339,219884.48870254937
2340,392616.12994628533
2341,214254.27911537047
2342,234419.1485389327
2343,230677.29187857063
2344,227464.74115922657
2345,236738.24137901756
2346,212196.2002754109
2347,199916.9919271567
2348,244254.75357699432
2349,180856.53670587557
2350,291464.44959658507
2351,263021.7728775449
2352,251060.17678908556
2353,258605.34378746734
2354,138673.97216619854
2355,139425.02767891798
2356,151258.09041014136
2357,188211.1145445027
2358,197013.55918197217
2359,128676.2922223171
2360,134903.26541942108
2361,148897.0648113962
2362,273544.4992599967
2363,135659.8265532229
2364,154053.62005928307
2365,215427.506431965
2366,187567.68814439402
2367,219810.54141426555
2368,217345.46696766219
2369,210679.0340819172
2370,176315.4027599671
2371,174759.5259405225
2372,189086.98241205857
2373,269233.66269995476
2374,265258.87678254856
2375,250102.235189385
2376,290321.9136934207
2377,239726.32050751935
2378,154438.89401427424
2379,208917.15241226906
2380,145912.51662650704
2381,186795.50645939753
2382,188783.96620915414
2383,208572.78202901222
2384,258003.6872395541
2385,156889.82902614438
2386,130964.4419022938
2387,130291.5217427188
2388,103384.52566989725
2389,135743.50733413533
2390,157290.92691882138
2391,141106.61543058153
2392,115069.9766756812
2393,166159.2373569108
2394,142728.9814174432
2395,214224.57517831502
2396,185538.03985059014
2397,218421.02939549997
2398,149227.80846543037
2399,66153.76765327583
2400,106656.75590873214
2401,112055.12855401376
2402,146456.7180004809
2403,142427.2970088278
2404,155176.10899120825
2405,164264.46960443482
2406,145303.7327914488
2407,125454.20056371196
2408,150613.87302152687
2409,121808.45605342799
2410,168954.3569119887
2411,116082.35628606519
2412,154769.5766585918
2413,129281.38121320226
2414,154066.65375370695
2415,131458.22277455524
2416,126986.51194362706
2417,186549.68098797664
2418,146590.25796772874
2419,127194.6421870574
2420,122412.15044004339
2421,154378.56628111182
2422,134666.99442562586
2423,117660.9522904059
2424,148037.69601642265
2425,165104.1593243782
2426,149085.67808831323
2427,132425.41981781172
2428,231491.03623801286
2429,114637.55794212967
2430,134281.61748741724
2431,111649.33832437782
2432,145959.40617147263
2433,153559.7090979773
2434,140603.77731264182
2435,158818.44913728844
2436,108662.9004484546
2437,115792.86366548926
2438,129300.98865735113
2439,107375.01214075854
2440,123507.97829948654
2441,77786.51449910356
2442,95389.4547047804
2443,122008.1536541499
2444,139045.76969158708
2445,120026.14682149087
2446,154324.94181490949
2447,167631.63007472124
2448,143264.69135824492
2449,108253.26416615205
2450,148066.1744235391
2451,120387.93751252866
2452,193821.6795350451
2453,92223.35946492803
2454,119518.54616002413
2455,141167.50599464207
2456,134864.38808459433
2457,128660.28021039383
2458,121632.49874728915
2459,122911.33882604094
2460,131390.78051334075
2461,124830.2954424992
2462,137779.1819826615
2463,124385.92166208416
2464,168660.98083575154
2465,141380.0695858376
2466,116346.18047176888
2467,131412.67282907365
2468,87480.20034699282
2469,80455.01729930386
2470,192022.05056523017
2471,171599.48337095825
2472,149752.96112655607
2473,128724.87495141377
2474,129148.29363021938
2475,209943.4566117858
2476,110729.18542866404
2477,125567.0560040695
2478,152440.42422142398
2479,129338.34946308598
2480,135437.7460564079
2481,105828.14401716915
2482,130150.137179387
2483,122657.156330056
2484,143529.81939649986
2485,133818.82288666576
2486,161305.1036972301
2487,179625.80952199054
2488,164699.310660415
2489,150967.3668296022
2490,134058.1593258492
2491,101078.64719050287
2492,172684.71189487446
2493,144274.7138291833
2494,154302.95187493222
2495,87676.51394342509
2496,242234.82688730845
2497,149432.00052998873
2498,109133.09359912768
2499,93269.27032676876
2500,104611.64201062576
2501,132946.47891713353
2502,151271.83916278929
2503,102861.12158224646
2504,160768.0651043319
2505,224354.7510792262
2506,246924.58521931208
2507,279301.7312051685
2508,244970.60893923105
2509,213725.47473772615
2510,212338.19883703944
2511,172676.3127973914
2512,211963.7436724204
2513,178366.8586642658
2514,188450.71755041584
2515,151199.19757658048
2516,170795.23528769243
2517,144806.6542430413
2518,149741.2802026918
2519,233448.7556039271
2520,212999.22073332968
2521,185637.70765934762
2522,222977.38458021407
2523,119973.87141594217
2524,134183.46976377277
2525,146426.99055626258
2526,133856.05035694892
2527,116477.06665623166
2528,129699.90523513172
2529,129529.1635151178
2530,122416.95371139537
2531,252210.74912453486
2532,229401.7235853103
2533,196773.18083201634
2534,197113.26640568126
2535,311642.76742607827
2536,237131.1431246894
2537,235071.98424248304
2538,178628.269415404
2539,186066.66492355024
2540,173599.40456036315
2541,178833.5369940827
2542,166639.2770647282
2543,127716.49219979411
2544,159568.0758105028
2545,138844.8848359658
2546,127944.95737411229
2547,137029.02032181245
2548,150752.77303546338
2549,168707.3060136632
2550,224201.93884012874
2551,140779.86888153636
2552,167964.55793091058
2553,77432.18447431053
2554,95469.23506029972
2555,142540.78867424384
2556,100979.18100028018
2557,108522.4431057403
2558,157707.45359399918
2559,128219.35883172996
2560,137094.26285997636
2561,143218.1147222225
2562,138464.63340147893
2563,142402.72488946992
2564,158266.91107743737
2565,151463.34661569013
2566,156869.04001821918
2567,136671.44495049387
2568,170561.86401210222
2569,201068.86131033357
2570,116741.99652318434
2571,188094.1251687726
2572,143594.97556264128
2573,219274.71835365612
2574,188823.12799669412
2575,117050.1945360574
2576,149454.18403301688
2577,151151.87716572624
2578,85297.7466330514
2579,107556.14235208677
2580,110289.89019803911
2581,136205.1825565304
2582,148710.16934081647
2583,294078.711914803
2584,167024.12939656072
2585,192593.95165546692
2586,224403.61644630932
2587,197767.44043031186
2588,150595.62129924187
2589,143931.24722747167
2590,203711.43756125477
2591,227598.75541771617
2592,206844.32328755272
2593,260284.74930848164
2594,165645.84216672493
2595,192521.26855372224
2596,295488.5093491613
2597,183978.61253980562
2598,289893.8372716813
2599,285321.54487494036
2600,157709.1425371
2601,149654.65050051274
2602,82296.14113561969
2603,95707.36357392702
2604,91737.00122676877
2605,77467.89120380115
2606,144801.4637287315
2607,204763.98756273394
2608,208270.57928328254
2609,181235.434488488
2610,114609.48566769261
2611,128262.61085100906
2612,150031.4657585237
2613,131905.04756775382
2614,128826.01047402497
2615,157209.47260667605
2616,154293.5601158335
2617,188734.8600763577
2618,219209.3870125475
2619,200767.4710901624
2620,186948.69211434736
2621,174862.89699113448
2622,183331.79298769607
2623,237325.61499908852
2624,291428.1412173597
2625,296391.89386480727
2626,186769.68901199504
2627,158237.7841849858
2628,507343.29262075335
2629,512327.7004978493
2630,368342.1684461125
2631,494803.6381819539
2632,416310.95141077694
2633,309335.86075223994
2634,355094.7191331094
2635,161509.72082802278
2636,173115.42304365017
2637,168888.8200399583
2638,260746.2696796482
2639,183512.72011876537
2640,152677.29137419193
2641,118224.86692311498
2642,189529.1544267218
2643,102827.56082713671
2644,121149.0791975605
2645,106861.53526844703
2646,94454.42679571906
2647,103450.56878492613
2648,153955.78381216936
2649,225248.7041976755
2650,124439.80269994696
2651,143598.1833202362
2652,417098.4679328659
2653,249659.50685281074
2654,244977.7911975206
2655,401209.46692830365
2656,301912.026029084
2657,348718.7573540501
2658,297278.60084257706
2659,302860.1387092375
2660,363853.2797525927
2661,340703.39533754694
2662,363958.96985712746
2663,292548.0707277756
2664,273455.0797525984
2665,327188.3693878593
2666,273972.5799489011
2667,166888.569981221
2668,173938.61460558412
2669,174597.33856435856
2670,275623.60564045876
2671,178475.70232023098
2672,190632.25341065024
2673,205723.97257072903
2674,197275.0376133226
2675,168718.22536313685
2676,186673.71443137352
2677,200321.21827160032
2678,256144.48573291293
2679,262563.9708518329
2680,284536.5655000847
2681,388047.6832318696
2682,349343.0225942831
2683,220707.8878177787
2684,287395.01206197985
2685,274066.35713082884
2686,251467.27602077246
2687,313391.24792545306
2688,211046.0756531182
2689,202301.9858030558
2690,459890.298897696
2691,192879.78494652663
2692,137392.15798564113
2693,193622.16000761764
2694,128435.62448393932
2695,191642.3464558938
2696,182018.99602450035
2697,193075.70807157175
2698,169677.99770654686
2699,175872.50383770192
2700,155569.55269656313
2701,144723.03106163067
2702,108165.84243203407
2703,117572.27608133544
2704,142571.97648402135
2705,116676.25549967897
2706,116806.45362909326
2707,122825.49305991252
2708,133413.70797045046
2709,107635.50199395185
2710,126016.50617766996
2711,187607.55783259825
2712,392067.64012355445
2713,169130.90096764886
2714,148388.24055207195
2715,178804.30578169035
2716,146063.23223306492
2717,192191.04003900202
2718,218783.87677438965
2719,154248.60693871297
2720,161821.26496609405
2721,135852.7043085049
2722,157472.7278966303
2723,139414.47322577343
2724,130701.49688971152
2725,129132.8472231184
2726,141233.8498385623
2727,163872.76416243945
2728,127680.61681922032
2729,148568.07319474668
2730,146893.4886030567
2731,131996.28033857516
2732,128545.71855008716
2733,158113.0418629199
2734,165788.8693835349
2735,134951.41973541965
2736,142469.9766291198
2737,123062.48984875093
2738,131521.4245900037
2739,157749.96487273945
2740,137377.912342047
2741,142647.86444863168
2742,149677.1015092922
2743,156710.9584373286
2744,152089.88468280775
2745,138695.41737022318
2746,140975.48849412217
2747,143295.24113418197
2748,123000.55433636942
2749,146713.63380561853
2750,150450.63991705712
2751,146399.97741287164
2752,202680.4814150529
2753,155398.17490420915
2754,211582.20545861105
2755,132702.41046951333
2756,105811.08420129663
2757,103681.24961505589
2758,87305.0875046138
2759,149393.52538911827
2760,124903.4751034053
2761,142727.09354494902
2762,143653.26422375647
2763,196602.44865279263
2764,173588.26464548305
2765,285989.3103278191
2766,134578.5053457036
2767,90059.10021052223
2768,126145.69846945017
2769,122603.54197867485
2770,136034.94596012065
2771,109413.12805921257
2772,111207.82580030923
2773,198505.8124252773
2774,140667.4310963116
2775,108677.67252531686
2776,135584.5820738841
2777,136654.9079522887
2778,109480.03236080823
2779,115658.01063062604
2780,112281.81411696148
2781,95057.00059440387
2782,112209.99631028407
2783,137863.5871356151
2784,120165.02140104615
2785,143353.67806771534
2786,72373.34605924424
2787,117635.76028019497
2788,73648.38758619232
2789,150310.04550612706
2790,99930.46334840142
2791,146691.082530463
2792,62344.081892431466
2793,160618.75915769153
2794,99289.45314763577
2795,120225.63651058883
2796,87858.51138635655
2797,213677.74811599645
2798,136184.32684157166
2799,117726.28441916114
2800,66549.28118471448
2801,111674.49436520487
2802,131792.88236379417
2803,158315.75403575052
2804,144169.47960232646
2805,102578.53936230541
2806,82265.08543032584
2807,149935.53488317234
2808,149639.92415049952
2809,139625.7949003445
2810,129045.46571586507
2811,223436.3705618978
2812,160693.34863902893
2813,146129.3715509539
2814,149490.38809713256
2815,94855.80079814354
2816,192493.32459765382
2817,174212.12145348114
2818,132610.96938501144
2819,155679.78958641028
2820,143443.5270813908
2821,107884.20858165417
2822,209931.5398115948
2823,345542.3558073899
2824,171276.79998538955
2825,190238.15020350475
2826,135333.8665576813
2827,135456.74802919183
2828,245515.80518967568
2829,223206.84246314838
2830,225450.49882748222
2831,171770.70120632582
2832,250775.4260245349
2833,306687.2211571584
2834,213158.97123761117
2835,219428.29183509652
2836,187217.31428634454
2837,155401.75714289595
2838,151252.6239983782
2839,179075.9667157479
2840,205031.1473727995
2841,202824.3740100684
2842,228035.10780012558
2843,151146.26077847378
2844,138940.57743422678
2845,123285.65598943287
2846,212039.4944232455
2847,207552.28511843845
2848,215980.81018181465
2849,201862.3217002454
2850,276199.6132430353
2851,207446.19148375545
2852,228900.20853752515
2853,234105.50042851077
2854,138573.73154061713
2855,202885.620557103
2856,198360.38608342202
2857,186051.03801502846
2858,199985.44236430034
2859,144913.60332089502
2860,129393.1029895359
2861,133471.63649589327
2862,193302.0731039729
2863,127401.43185985483
2864,247908.62808267676
2865,141824.32572144605
2866,136377.62378445675
2867,96358.96923585207
2868,107786.44500549186
2869,110778.05587148639
2870,131914.9235804398
2871,120866.45701363306
2872,50916.35243171467
2873,98361.41471344596
2874,136359.4171085103
2875,111548.96812934303
2876,175457.14458879258
2877,145296.01895356766
2878,163972.6025769915
2879,138039.3265474483
2880,98723.03659515867
2881,203273.89239432884
2882,151510.06856374344
2883,194062.46714550216
2884,181862.6925644118
2885,187722.45650404735
2886,234368.16631099957
2887,92614.51909771682
2888,148082.31893855892
2889,61789.95427571097
2890,79914.95694258368
2891,135104.87786880042
2892,58140.11202828897
2893,93924.34934042518
2894,69097.45002414161
2895,325326.6568526714
2896,270245.47965153534
2897,204995.9240297306
2898,142473.901377796
2899,202301.62129038686
2900,158737.39761361346
2901,207330.62521728015
2902,186969.86968981137
2903,328250.3637002103
2904,348071.3309591954
2905,92851.29214296555
2906,202708.09924384617
2907,111214.06817328815
2908,131293.6571611597
2909,142524.4224962932
2910,81472.39471192144
2911,82450.82395915971
2912,161548.82547914376
2913,83608.46471489122
2914,79511.37607237075
2915,86819.93723655234
2916,84112.9475036958
2917,169294.38748811258
2918,146903.97950928684
2919,221126.69493918802
